19042
12161
28491
8618
14275
9861
23818
12110
7289
6336
18821
13208
30887
30297
21144
18953
23190
12801
1917
20224
20220
40
31541
14476
9855
5745
22058
29055
13429
32612
11026
27332
27374
22116
4886
22258
30708
32736
21812
17440
18449
12749
7394
2044
4626
24659
1012
12823
20491
25286
29631
30851
18843
25817
8575
21152
4977
30734
10742
13875
10255
22897
4182
10936
32206
16262
9313
9978
15907
17536
5071
27872
544
16563
10992
22410
14398
10572
2194
20380
5977
18240
18725
23002
17148
23170
27933
29686
1247
32121
32408
13221
16302
23729
14913
23544
32524
5841
16244
23786
18648
22733
2979
28982
5039
2652
17656
20075
1714
7853
6203
6977
26249
23893
11767
8238
21416
14221
31448
26165
15824
32154
28504
14335
12505
2188
19098
14636
24240
11307
5270
2027
2716
1327
887
7368
14789
30639
20545
23750
19702
29148
16055
4526
26530
18159
23676
15526
18469
13920
15224
30469
30029
29529
11133
21862
25881
16490
14123
252
192
29566
26641
31525
10741
30222
5652
16193
9578
5524
17941
14020
3731
14403
23502
13194
14508
18933
8957
25707
8445
30053
29637
30736
22109
32158
30289
25092
31221
19379
18874
30222
15686
1201
4651
19903
366
15314
12867
11335
31654
5363
13242
21645
784
27464
9032
1406
27568
20559
25538
4260
4791
30466
15495
16123
8
24401
10010
30721
16629
21967
8208
24333
24649
7084
32557
23265
8076
19171
6858
15234
21890
19124
14969
29256
5621
26709
7404
4145
1716
26597
5395
32378
1500
8609
645
9585
1366
32602
10529
30085
16289
28199
11253
1695
10706
6231
12127
16821
18137
31657
26225
18588
16389
12224
3994
4125
26315
28881
9347
24652
963
17055
16696
12053
5875
16297
1672
2328
27984
26785
31662
31927
12162
2081
13105
15212
19944
32410
14088
25952
28124
2701
2
13114
15416
24829
31845
29237
18712
10788
27093
1654
20706
13925
1656
26524
5764
32642
23896
19352
13053
18959
12809
29631
32287
31526
20363
20509
29843
30301
15985
27917
16157
6133
9795
24327
16161
8020
24098
8376
17511
7605
28842
5976
20507
15647
5917
12600
2328
29587
28605
21146
17766
30346
29561
1222
19712
671
28364
7002
14811
19336
483
17378
6437
10314
27646
13224
12746
20397
9752
26574
5181
14574
4298
11161
22389
29877
14701
22800
10038
4678
31359
1990
1937
25851
31559
7668
29102
15858
21180
30666
11721
28163
20900
6407
3707
9205
14329
7368
28987
31473
22928
22429
10276
19766
30205
24546
12537
7951
18353
28749
23910
13826
3685
22723
20616
12363
6332
29040
30128
12425
4387
17430
21604
29110
4604
24485
26023
22364
17661
2573
20091
19974
4562
17488
9123
4085
8202
21723
6829
8725
12336
19478
19504
7472
4152
14138
27475
5984
12062
30051
5774
16842
5065
25318
9653
3721
15157
20196
6450
29417
8657
28447
3729
6614
31782
17933
24131
6804
25274
12075
18075
1968
30004
1428
18461
27190
14528
6354
5880
32036
13749
25588
17873
15647
6262
15072
3522
8293
22934
25067
22435
2819
12607
17319
27272
21320
22996
14588
25482
27257
26069
6011
23243
32198
11523
31214
22964
9085
5317
30516
1665
26750
14283
15180
10496
20975
12529
13999
27797
10032
3430
22499
898
6161
10765
845
3941
4931
35
15687
29442
24845
9507
14962
28995
22080
486
19021
15741
13165
1295
20487
24821
1109
21670
15762
6563
5025
17155
17657
5686
18132
2798
13299
13144
30333
5892
11704
7730
5809
22621
14099
51
17336
28779
18617
6157
1799
12837
23513
25601
26734
15973
9460
16733
8083
16271
28911
9539
31135
2164
22631
21163
18231
6774
15684
12715
26286
22252
18065
11255
15993
24520
20107
12964
15331
27511
30455
20785
10754
4104
22457
29127
29929
18833
31651
14016
11551
16334
8075
3431
24400
3852
26528
24062
5187
6213
32510
32006
3340
7309
21887
16826
3971
10156
28628
26077
22260
3597
32213
4789
32024
471
11030
16216
28484
857
23995
17446
17377
12459
22413
18327
1052
14482
27981
26679
15838
29861
18504
18414
29183
28334
26155
23685
12983
21843
19225
10598
1621
9206
6651
18083
25139
473
1815
22842
20969
7302
22757
24728
7873
366
27421
32091
2923
15056
26645
5468
30706
13276
11338
30957
495
10265
2108
27999
29949
8708
21632
16584
8044
19706
3088
19202
24378
7767
24805
32759
31550
6624
32456
30492
7335
13662
28773
3132
31909
8076
23201
32119
6758
28211
557
10890
3396
30612
20315
22865
18237
23302
17457
9098
23459
31968
6333
29147
7700
31129
29095
10263
11693
21550
25869
26301
16507
25540
16778
1473
17202
17551
19352
11407
8482
20466
25881
11086
18534
24552
21296
31073
15967
24994
5717
32052
22625
31602
2217
309
27819
18919
13958
31264
3997
30778
9563
640
12581
14312
31927
12147
11899
23457
17827
8877
11278
6497
13365
32191
19390
14301
12130
6809
4939
11040
2836
11598
5901
25718
10364
13080
15590
22921
28842
21148
11126
1738
23899
4463
14733
28946
1042
728
29158
27273
22378
21464
32530
7880
4778
22631
5042
10810
922
32257
8937
16584
9877
18273
32017
10165
18656
13709
9389
1734
9530
16914
28575
21671
11956
20113
18588
25226
32195
11642
9436
19217
5012
10264
534
18542
26527
9678
171
13769
29567
22688
28194
16353
12545
4852
21460
2295
15995
10906
24040
17384
7519
3339
11906
2713
16143
26862
28984
29591
21491
4321
17094
11007
4298
31605
16642
4764
24125
1146
22290
11600
9914
21374
6620
22965
13951
2960
18622
8195
25077
10314
18047
5941
26176
11278
7814
9575
14356
911
27210
8067
13514
17043
11018
3100
27059
7672
27582
3482
26028
18165
16205
14232
18674
2979
28416
21386
1848
24764
27959
22691
4087
14498
24667
6902
20742
19363
23059
30171
18282
13691
3771
30100
4719
3098
8466
17456
15608
21416
22066
23984
12563
29639
17862
20329
2512
4632
23159
1705
14164
30208
13991
29341
10537
22956
20834
32114
29400
19538
24465
8379
7866
2490
23921
6419
8971
27390
19524
32003
11584
21646
30791
15142
14234
17782
23267
17290
7420
27620
27943
24666
7930
25316
32374
442
4658
32111
25469
243
9439
17060
4456
7888
29611
32597
31062
16712
24773
4293
14346
13404
24884
19632
28131
29251
13419
10892
21262
14021
14877
4623
23546
25061
23122
29425
524
28098
13243
2547
1173
31679
1090
30496
13825
15586
32742
2387
10577
14714
2502
25337
21451
15365
891
23576
30447
25424
9899
17809
26286
8160
7387
29090
32727
8337
18821
9646
25298
29309
31339
22849
18064
22559
29226
26191
30658
7097
274
3772
22601
24818
8245
31521
29422
14788
17086
5838
30548
661
20869
27915
12842
18852
1248
27556
21925
17831
4283
11940
9774
8115
22251
14688
24408
5211
5055
16567
25876
12316
14552
27289
5416
11001
27195
9926
19677
10082
20901
1240
30456
22618
15391
11140
13804
21209
13777
21789
32334
3695
6171
30041
13705
22827
15842
27736
10451
17083
21032
27362
28768
17108
27872
27633
4821
7893
29184
26479
31999
21159
26327
8768
8645
231
12705
16259
22107
11847
30553
30485
16057
19505
3022
5463
24140
22190
10233
10290
8427
2439
23182
32088
28684
28842
26321
21964
10296
22478
1451
29348
700
23898
15613
24334
18338
11395
16692
7057
23519
8885
5406
3733
32718
25653
23548
24102
20957
9220
4568
5877
27015
8966
7704
17567
7810
10851
29780
24370
20537
1326
14181
12782
16764
15685
4798
8008
23670
8056
15872
26165
29408
19181
24264
19620
20085
20418
15563
21324
9638
8437
31782
22185
18574
23937
20975
16705
6696
13514
26384
13100
10688
27195
23893
17107
167
15406
10947
15096
30763
12812
16172
31223
11206
5557
10240
22091
23446
7202
9830
11347
21261
329
27531
31062
10218
6976
28474
10182
25960
10406
5294
28865
30645
24127
4516
30429
27557
30686
19380
32293
22184
20616
8160
25951
31482
17878
18542
17553
31769
27291
21747
21699
14204
19655
26801
1285
5506
21131
13090
24756
26281
29374
22229
11002
8448
19584
12921
21396
4575
25117
16440
10456
22485
31540
32582
27382
14562
29208
7097
9342
10470
28790
18587
27682
5210
24376
61
29630
17214
3498
7887
2197
26706
21467
2862
26845
12425
13383
25085
4735
26299
16562
22263
28440
32666
18007
16515
323
8679
1346
393
30490
32486
30459
17797
17914
3855
26724
17114
13191
1798
27364
30568
28656
6349
24773
4960
9589
21817
10459
1623
8486
16802
11623
25242
30957
30175
23098
2754
21198
22129
15902
23944
12654
16127
23409
21466
27090
12547
27667
17710
9834
23234
7299
17942
6990
2689
580
21780
20423
25078
20870
18864
8465
24061
5634
14793
25183
1676
29478
18729
15904
23273
12146
5980
15489
19994
3874
16321
4915
26526
16909
8161
8814
23642
26829
22528
17206
13270
29984
14834
19165
19881
27022
6704
26569
23346
15436
14123
15223
8585
24929
10976
21952
6069
16391
6829
30043
13600
5972
6499
12708
1096
5657
28572
29083
19894
10763
15951
21552
28468
18976
12193
28094
13115
16444
10750
32469
15531
13837
14697
2108
23230
2355
8976
24630
22847
10917
22308
11525
8439
3408
13543
26797
15465
26625
21767
20986
5311
20100
20010
28356
31491
26126
10186
882
20882
14552
28483
9149
27086
27917
9002
16567
27156
25318
26849
22539
20462
32275
16488
10374
25225
7774
10870
4054
10601
2955
29897
30098
15195
22658
8378
26491
31147
432
6164
19202
2968
19114
9254
18442
11781
7955
23319
20718
11121
31425
30586
27590
4137
7451
20002
8422
28348
3013
22072
12968
18608
10368
30602
620
28531
24139
4902
18140
29076
10702
31272
30581
26675
249
18128
4419
14519
24041
19416
6379
7871
28939
3588
32239
4698
16003
31738
17198
24186
10959
22612
4266
31654
15015
2548
4750
752
2600
18071
18800
19751
16178
19373
12243
4685
31503
6505
22768
7499
3925
25620
27830
26596
31245
12198
9487
13032
27924
18839
12389
28330
25794
5363
7525
1971
4554
23725
13314
27576
6753
8245
24509
23242
30371
3660
3876
22733
27698
8728
11417
21291
27936
5747
5205
20170
24079
9097
11181
12859
1942
15010
32147
52
14055
13372
95
5696
20911
9309
26832
17333
24894
18727
11853
19686
22760
18349
9329
11931
7083
11013
19911
13758
1298
22943
19410
16215
31064
29908
4177
13499
16593
22210
13248
6143
12934
8792
5410
13491
29215
6573
9982
18637
17671
11926
3496
14820
17098
375
29377
10911
25794
16985
12801
1132
14578
10301
17204
18805
15410
29360
1411
17104
8077
10656
20469
24309
31975
3950
27446
21622
16098
31044
22678
23786
16387
425
2644
7210
25873
18771
28957
1985
14014
14908
720
25245
16010
248
7812
8459
10979
12357
29132
18658
32401
17124
17210
8701
20305
28583
17953
19183
22464
972
23455
1523
24699
14217
25819
21026
17541
12520
2700
9449
5353
10453
7611
22457
8096
26229
30153
7680
23988
1210
28595
5977
3238
13877
29333
20991
30478
31531
7533
20872
12417
32234
546
28112
18615
2397
4549
7731
14829
19935
7702
1279
5769
26701
5194
20264
14845
24415
21771
15422
237
2872
19905
25245
19604
6971
14096
996
21860
11809
7329
1448
4332
12360
4646
25193
12031
29774
14744
9924
29203
14815
32451
20203
26343
5835
11269
6227
16233
30300
15443
7084
21718
8934
3708
17174
5411
3487
23986
28818
24476
18609
9030
26806
5323
26510
17843
21926
23963
14724
14558
30271
28093
4753
29596
19861
17739
5752
24181
26272
13739
14868
8104
50
11703
28397
26734
13612
4378
11529
10115
29938
7933
20229
17635
24604
11236
29796
19153
23919
13010
24102
8222
31499
436
31132
14248
28645
1276
3452
22817
20856
30349
15665
26386
20920
29655
22132
17951
6472
16195
7456
18828
4588
12497
2370
18688
13633
6655
11120
17289
13228
8430
11101
13281
1936
22208
5290
31216
18628
3396
26110
32145
21572
12245
5720
28313
7206
9087
1188
17942
13264
29284
1421
27860
27753
18014
915
11046
5517
30438
25949
17890
13893
11829
11856
27822
21046
27048
3424
23930
3864
22889
20006
24910
20074
25420
24627
1606
3940
19703
26789
15067
11566
20806
4600
11875
19791
9454
3614
6875
4712
11872
32465
23525
26402
29936
14376
30477
30053
2870
4456
31056
7627
30900
14365
19935
852
26298
14698
29216
32603
5255
13726
10998
4552
22193
29191
8002
8584
9671
15627
31658
8506
52
22644
921
27691
9062
24076
13190
28549
24624
21098
22650
29635
3693
23051
16588
6760
25575
17573
27183
25585
12919
25271
20720
21000
20845
22885
17528
31226
13873
26755
25880
7019
43
22256
12038
3913
31713
31013
13986
8958
24927
1549
31230
13290
20956
11800
27550
7952
22682
10379
6780
22799
29454
11034
6991
16981
25665
32696
5901
2959
22390
11438
8879
15971
5645
25322
17460
15970
21671
9882
18664
22072
23435
26106
20710
9510
3657
29290
13276
179
5789
4036
8974
7838
13973
3564
11422
6934
1526
8361
1034
12077
7901
27059
13302
11147
32162
26893
7468
2911
6145
18324
26337
13212
28540
12249
17466
12897
8955
10540
13070
4792
17334
10489
6126
6276
29012
20056
23394
30901
340
31711
27766
25022
13741
17338
19573
26697
18097
23038
2037
11305
17463
315
16659
18832
4601
9553
12032
27266
827
6276
14013
3209
22958
9938
290
20139
11155
29571
12837
23449
29987
21763
9561
17449
22831
8941
21429
24070
21764
10856
18071
31398
27537
15542
15368
2685
3020
3082
24642
113
13905
19098
16496
2445
9804
16374
23220
27897
410
18584
28526
10282
21547
29628
30652
6998
23211
13170
25917
23083
24673
21233
3867
29888
13399
10030
28744
19660
31163
11693
6919
19222
22405
3479
1455
2348
19290
12046
5291
17240
9136
23741
1478
9936
25908
9139
8358
20525
8040
25969
20629
3614
29841
20545
2952
15454
22736
12746
10841
19171
19599
22498
5720
17753
5662
29603
28674
28366
16030
12993
4880
17839
22047
794
7092
1011
17157
13455
20767
28566
8368
27923
6470
3913
29020
8961
23014
5992
10053
4531
27333
9004
18703
23632
32060
3618
13670
21221
7410
475
18914
3512
11754
3045
28973
21209
3008
20475
23655
31225
11823
10873
27593
17023
30423
22291
2697
20441
3133
28613
510
16400
26132
22541
2053
4256
28347
26713
3235
17798
24070
28091
2796
1690
12609
20964
24867
10015
25714
32592
29730
19353
20703
21950
8700
8670
21712
17123
18402
24432
10390
21343
24387
31242
1228
20464
30263
20089
32221
15078
1822
10669
14535
16855
29572
26640
23838
30611
9801
7959
26707
27226
8446
1302
17974
27213
30865
2904
21178
5155
1325
24175
10488
29725
18780
16585
25463
21820
21615
29572
12715
4273
9247
8579
26299
29077
18804
194
25992
218
21734
7654
3562
19842
19907
1561
3900
1294
14544
17172
17436
28730
29235
23933
31596
10215
24208
22900
21148
5721
14195
24937
1324
6306
30446
4912
21868
21598
9859
9047
29319
5537
5443
19127
32703
18734
14648
12873
8442
26346
16385
20795
12414
24720
4796
28995
505
26789
20777
19764
22212
9647
2059
32207
26472
9634
9938
10459
9826
9627
30840
9848
8227
464
9129
4272
7259
25031
30246
29007
25719
29895
32619
500
21352
21133
16016
12905
4775
21567
26477
26928
10358
31142
769
12894
15208
11927
28437
20653
12067
1202
284
25804
32357
13648
20574
7929
30277
32694
27477
11986
14012
14223
31831
25960
7267
6041
8566
15766
30590
11422
31653
16017
13370
27814
14620
27839
22579
20075
7933
15565
31033
29965
22071
15612
4436
17415
32682
26811
21509
28514
21389
23163
26831
23592
20493
20415
12022
25884
15159
13170
28295
22440
31768
8830
6808
15639
3875
7834
2257
17412
6611
25443
16940
24082
24977
4527
20728
26078
10711
9502
12324
24882
15766
26610
16314
13180
10197
22816
25258
21630
24475
14502
10697
24390
27408
11808
12313
3425
15839
15766
3147
29260
22238
32409
31618
2859
24817
18830
10586
30397
23340
20297
14633
27024
3127
20190
29829
12913
17655
23987
17158
25383
13930
30170
20300
29025
24275
16030
32068
25580
21016
17244
5544
24617
24936
3221
19141
11199
26144
20288
31361
30349
13296
9829
20892
227
30266
2791
13366
29169
31930
32162
3986
29311
15212
6069
31001
24543
426
29985
16034
11040
11413
11668
19440
14469
22711
20351
2428
21301
22247
4462
6261
2356
26732
11673
4102
914
1637
7094
8151
12003
14440
7442
15318
18415
15977
20192
13623
8362
4573
14033
25785
12646
544
32229
18988
19015
28692
19840
17712
30967
27916
704
19263
30364
16616
11278
16110
12807
7041
1267
19567
18990
30023
25645
28507
3293
25384
20483
1454
19880
25012
11477
5140
10532
23423
14839
8035
2135
28359
20672
16232
30828
13911
6621
20198
10923
6571
11499
23772
12457
26709
20038
17159
18620
17568
16155
1448
20146
8562
21445
24711
9411
22391
17494
9528
10435
5499
27507
20125
2461
12312
26470
28076
4348
5266
20846
21362
13643
25343
32601
7256
2016
29611
853
166
21364
19386
24068
3653
32471
17679
5838
12233
2017
28013
11899
9391
10924
24796
8193
20194
2304
9039
25498
31108
26127
15747
10266
31980
19043
8490
13952
25579
9236
6217
13259
30292
14142
17375
13583
19643
29362
28103
22983
20860
31980
12767
24685
21248
3398
17002
26952
2875
25963
19379
23430
16505
32525
15092
8330
25435
16859
27765
10631
19996
21933
1272
29518
2329
25858
31317
31844
14481
25517
3938
24920
6057
11723
18197
4947
9395
4856
4845
23793
25263
8643
16525
10575
21522
18271
27307
16742
4807
6043
28968
29591
10612
20755
15488
22918
4606
29096
20581
12332
32079
28463
29095
30248
18519
26726
25431
17494
16976
25132
32556
5283
10311
25841
11557
27424
31192
3691
32368
5461
2873
27530
28555
29655
30842
11951
5545
541
24074
5657
15191
4239
31358
5791
12383
25824
7566
7845
20717
13470
2144
1353
2032
11783
8970
31197
20675
799
11090
1946
31757
11007
16567
402
15334
19824
29110
27367
15163
3256
11846
12091
17523
8628
17317
16231
15186
32295
17750
26224
28190
26962
1899
27319
513
19141
3584
20335
32431
6004
5640
19028
15688
5389
6988
16794
16000
26505
32688
26148
11261
7426
14264
15863
2305
11204
8268
13038
22088
5798
25016
31151
11572
11163
1015
25821
5671
4228
6193
30864
7728
4680
7042
20994
28651
27175
30461
14219
29602
27979
16625
25807
15032
23200
9066
26422
14920
15078
3067
7836
6409
1797
2235
13898
5237
2208
30350
10789
16682
10476
25766
11302
10896
8643
20809
32266
5564
17652
9172
4939
27540
19934
2048
3918
3636
28989
3684
29662
7569
8003
13883
5081
28508
11243
17512
7721
15914
20874
2999
21750
21457
16806
2662
17690
13077
14348
228
4566
1156
17437
26072
10435
19102
15465
23397
29195
8505
4223
2476
20696
3108
27906
659
2061
6411
26112
4805
22325
22682
7040
9211
25528
29413
3162
5241
16981
23304
2892
10203
13516
26122
2633
29969
28635
18696
12308
30121
32108
17039
27662
6732
3853
29513
31821
2188
21664
10716
6637
26077
11092
9743
16299
21472
14548
5935
16047
488
18110
22961
5546
30647
29270
14360
15905
32136
1148
13081
25609
17747
1499
5373
15251
14668
25444
21576
26953
5036
14075
2456
12378
9141
2159
31951
23346
25584
6832
3444
4686
17850
6460
31319
5455
22014
14811
19572
2637
8004
9868
26906
22381
27883
17343
3917
15030
21426
9924
17512
5152
9086
20612
29703
5614
9815
111
18211
20286
20659
13237
30335
17631
18167
9401
7235
3170
23611
24259
18663
7540
28237
14836
24403
19819
17145
21376
31813
10526
19080
22039
27890
8442
27527
9892
30960
15186
15306
18746
851
16631
19120
4683
18199
6153
24743
30748
12990
16652
22515
6261
10041
10814
29356
18077
7692
19752
20998
13702
31406
19060
29398
4676
2862
30718
21329
8899
31772
5422
9750
15546
17319
6532
13935
10459
18435
20852
25043
17997
17678
15733
19120
603
13618
26453
10344
30830
16781
8655
22681
20024
32079
26207
5538
8243
28772
17749
30307
4682
13652
7209
6980
22741
11879
1550
11384
19915
5644
15049
3459
26163
28283
20420
27129
7132
5274
3934
32649
8014
31261
23174
18747
26112
19186
18568
28662
26828
476
31014
9285
9887
12382
19691
17754
16245
32218
30652
31060
15237
8698
8624
6845
21176
24143
2594
8023
18528
15160
24836
23576
12071
3078
19061
19059
10565
32349
16534
13017
30967
14557
18330
24704
29996
19714
10269
16995
13953
73
9143
7562
4207
12437
22480
13451
10947
22480
17078
2129
20303
29397
7916
5660
16352
20366
2246
14025
10352
1625
8754
852
412
8881
10457
25243
30552
16138
12903
9316
10209
6140
806
19874
20211
23204
13010
31220
12605
12872
5033
30319
23570
22841
4033
31133
3425
12542
28830
7365
22503
9646
17668
31341
22435
24734
22794
5662
2698
3644
29808
29031
8573
15163
21298
29220
23928
3313
3165
32257
19724
22781
23330
28473
32271
24620
32297
18084
30610
12446
8488
16112
4115
29476
1203
9518
29684
10221
22614
6801
28716
5730
31457
9075
21821
29774
5379
10137
1638
2114
16922
18360
2329
19256
15178
11320
10415
19830
14540
12599
603
25269
32137
5073
3420
22915
16616
1183
29559
16870
27364
17277
19877
1858
22113
10385
6409
24956
3520
16009
30756
24928
13745
21027
5196
7232
6728
6899
13146
15070
4692
24929
21924
28557
11500
17905
28715
6034
23882
3527
5909
3024
6365
6250
11357
25765
7065
25288
26313
13583
18066
15226
17692
275
19657
3146
16781
29535
8773
23794
22905
5678
24934
29479
15701
4972
6775
13270
15590
16410
16770
10670
17332
30453
11880
21726
31164
1618
25392
10272
23653
13645
3232
22262
25525
9250
28938
22835
1989
3035
16745
18366
14962
8492
173
30355
10582
7835
30034
28682
23543
14819
22839
13660
573
2203
15278
26723
1834
6163
18895
17057
15301
15487
28947
32132
11863
23383
4126
4072
474
13565
10715
25822
22959
29089
20174
28588
11663
30050
12454
16661
6596
16309
5138
474
32665
23051
5334
30336
2575
6574
28702
28756
27345
14572
18706
20397
25450
2936
7082
31601
28342
21005
20932
29146
7830
29012
11892
22138
488
4104
923
8573
9911
24664
26043
21551
3246
6285
21001
22206
7123
24300
31428
25408
29554
11486
11718
8695
9558
27982
2393
23252
12607
23123
29515
24635
21649
24079
1605
5894
586
31447
26968
16332
5942
32403
17881
25955
7782
1384
20335
5283
14814
3989
4714
16749
910
11931
31830
31980
31364
3489
21200
24859
20575
22806
3225
21896
11015
18840
16617
4439
11931
22037
8454
32393
25515
20784
12308
25215
19880
30182
11567
28601
17816
10097
25527
9444
27918
26732
21995
7444
19802
19769
30138
13646
30461
28064
24533
11081
13664
6584
19721
6517
10949
22027
11724
29757
26749
25333
9238
27785
22363
21325
20338
23432
1130
30279
8020
7084
9691
6297
8109
29430
27713
24797
29629
29299
29697
19255
29480
28423
27395
2103
7501
30569
16046
17153
22227
27503
26132
4779
9604
6284
7273
6886
24159
32663
8122
8161
31208
10189
18395
4458
707
8986
2466
20823
21121
10132
14930
14628
4282
25160
10074
8925
10332
26426
22080
31038
10050
25255
216
4890
15369
28557
8633
24057
17951
14190
9457
7173
11292
16208
4344
14631
27734
1544
15331
31597
7087
22456
24794
4783
18098
31383
10700
19314
26847
6384
353
26892
28226
3182
16689
27401
29515
28310
4147
16846
14041
4757
1400
13948
29336
19516
25369
2583
3469
10313
32110
4072
23791
31208
8832
18207
26425
24953
5569
14269
23933
12436
29691
5809
16123
20298
4999
30017
23282
1710
13503
32684
9398
21653
5813
3854
3587
11417
17446
4739
23441
19044
11433
5007
10216
31019
24108
22974
2166
29816
29345
29063
2271
17965
1525
6774
28820
17862
18498
24715
1703
7390
69
25821
18398
29940
4626
6530
17158
12912
24070
29875
3977
24801
3070
24364
4675
13449
5830
25042
1170
17691
11221
22168
29100
26051
13111
8355
7734
15975
5066
12205
3602
2605
1965
21159
7288
7997
5366
7586
23112
9160
32419
26351
9886
5193
16852
8069
13735
32522
29495
2724
31156
6378
4291
6328
8845
3935
7081
27008
9992
15287
3719
14703
3290
7075
991
15955
25260
13045
8393
14132
8306
15017
6116
13183
25080
16674
22674
21860
12221
8119
15973
4988
18949
26990
21716
15791
10794
14087
819
18773
11827
29757
13538
10395
8871
4680
20932
12584
7844
17318
6898
22017
26155
9499
16305
14506
18110
30711
16034
21903
8749
20887
26425
20386
7085
25646
3952
8004
6954
17606
20925
10345
6878
21121
26433
31735
29475
8997
29250
18544
6277
6359
19675
15825
28
1319
12274
26810
7705
32077
18027
18638
12958
17330
155
9821
22739
27315
15360
27457
3126
5281
4911
773
6194
29964
27149
1613
9716
30529
2626
13681
23674
11793
25579
1644
18156
28884
18063
18933
30000
18862
9813
11243
2745
6417
16756
4854
12191
4739
14826
9068
6133
30370
30577
26993
5463
11877
26031
28259
26306
11172
25261
15733
15016
13019
29066
7065
5956
29227
1393
30372
7468
2465
30920
20396
22565
26811
1194
9397
4666
9512
19608
7565
23824
11984
21099
32757
17780
1300
26253
12033
25910
20823
26729
14786
18234
2749
27424
15650
20940
1842
4734
7438
11060
7599
15404
22747
19594
15800
18727
32482
14028
8234
7024
878
32302
30003
7174
32473
8113
13218
23825
5873
21751
28001
11360
6048
23126
19775
10773
32461
23339
8691
14239
32637
30833
6750
21225
16446
7570
5905
12753
22725
6012
13583
12764
21206
8696
30164
28712
12900
24375
10390
7586
18682
28078
30922
25464
22617
4133
17898
27602
18531
7178
10358
25277
29751
8714
18489
871
21150
1251
26573
1426
32166
29299
18785
32579
23948
29461
20666
3770
31455
814
1656
24743
15331
27395
24731
26267
4404
18638
29765
20925
21931
272
29889
9662
25989
2344
9157
30735
12482
16421
5876
12113
19660
18905
30375
22285
18777
8238
6637
23461
19602
20158
9169
17034
14965
3229
1499
12976
27512
10361
3033
24895
13935
31462
21726
13964
20911
21235
23948
16199
20340
4353
32655
15862
14720
25557
2666
28833
4101
23531
22902
24271
12229
18701
2855
17330
25464
5669
15762
26783
9326
5968
29740
961
20085
32307
2773
28429
19197
26770
23061
19320
30586
15646
28837
25704
19210
19087
1585
26473
32600
23795
2908
17442
16576
15686
31493
18567
10676
20290
20680
19792
3422
16760
18632
1705
21894
928
19628
19755
30647
30510
12776
29451
17821
3622
11582
31121
7346
19504
8068
15052
14618
24047
8103
23429
12234
14991
26096
6513
21488
925
31878
18858
2959
5916
22837
7008
22378
2005
17517
29388
4644
28654
12686
28774
10917
20926
27746
30808
24000
31456
16363
20018
13074
7558
31328
6367
16685
5136
29298
25304
31990
734
29139
27287
6219
19554
10489
22351
13289
2937
4128
9690
26765
2043
22926
25075
27482
22928
22810
32677
20859
11462
1263
26883
14089
24161
29582
5146
19759
24819
31506
13604
5004
8364
21944
24831
16600
22898
28574
13277
7883
4916
16843
20540
23866
14460
24176
18969
8324
31556
4717
21088
20268
31755
16407
13992
25287
26408
22329
2333
16409
31837
3673
1213
23163
13487
16700
456
9855
31349
6316
3697
8151
10160
24440
32730
26227
16026
10429
3903
14058
4226
11108
22386
16923
18134
30444
18055
10260
642
25961
22480
6707
1400
28365
10764
26762
6800
16743
17883
32392
12179
17321
10357
4822
21906
25390
26268
3712
7037
21756
31695
28501
30449
11014
6593
10640
12112
25333
3081
19640
32535
21031
1051
28612
24428
4856
24951
10371
12791
22337
18976
4667
15603
17439
10064
10129
11653
15094
23146
29608
5196
13237
15920
24205
4153
3163
18486
6355
7073
29114
24214
27258
12176
17786
13798
26902
12641
9570
19303
22828
24203
30675
20351
16096
10942
8597
5226
25037
17455
18647
21804
18485
12848
18800
26826
27994
16899
15979
13753
14123
13808
17603
31127
28451
27285
23403
14617
17007
26238
1169
27717
3407
2037
3108
15073
30142
17691
6036
23851
6485
12856
25305
29898
21101
16976
20150
29189
22660
30199
9279
22835
16354
27749
12697
31858
7291
2765
9217
32156
19480
11755
17167
11383
11186
6621
28988
5420
15390
7219
5539
21243
31216
5193
21252
31532
27801
21973
12302
13385
12498
6588
5342
19850
574
28970
16835
27281
2122
28385
9028
5975
27225
31441
10084
22631
28446
1001
30756
2890
11080
1070
16202
11074
869
2826
22369
20027
1280
16870
3585
28158
23309
7931
23376
20904
24968
14948
13001
11098
7256
31096
20796
15923
5497
1112
11286
8315
26202
14788
26083
28193
28804
5427
27665
32616
2429
15138
8695
30685
7660
8108
15638
16780
4093
31579
13982
18547
21767
574
30260
2615
5741
4411
6642
19990
22978
17831
32687
6429
29744
13076
29569
12955
19738
11114
10113
19669
13312
19770
22734
9723
19875
19534
17877
13659
23658
10373
22991
14549
26629
18142
12682
13967
2128
8402
23917
18154
22394
32231
1207
15028
20326
27522
19975
29087
5713
26364
12577
29937
32438
28153
5615
10878
15982
26869
25798
13267
8476
9248
27627
19893
14792
19052
15958
17354
22474
5860
28597
19605
17130
12351
20916
25000
709
25269
5756
26644
13683
11281
31865
15653
14694
19976
26465
31564
11925
23241
2674
2909
4826
28629
2043
22010
32153
4881
10781
10575
16035
26137
6355
9985
25690
9176
12592
20064
27925
7254
25064
30436
10182
8912
12562
20183
2010
8718
20268
12879
28768
19185
23392
28255
14958
4428
15621
17550
31424
27380
13929
17032
19107
1307
5326
16916
6161
25561
8626
9542
16670
8204
14676
8950
32403
14178
10867
14193
25048
8884
17241
3437
27159
9878
12312
29507
29854
4652
3604
12376
3205
24639
22721
20188
23953
28303
5038
11704
20057
16235
21955
28353
1447
31104
6599
5426
24353
6639
30756
26713
4905
3234
11759
28304
5633
7903
5411
5231
29235
29
29229
21568
8752
17687
15022
29107
11575
8480
14716
7636
2936
18870
13290
5945
5498
14425
29769
6784
698
16030
23982
14073
15253
8319
27894
23455
615
10485
19208
12365
14325
27849
21594
3886
16136
12198
14775
12918
17243
8052
7743
27215
26551
23009
22191
28438
8029
28736
11746
9160
13988
23959
21144
23735
20195
8947
21111
32386
20881
32255
17999
2371
7851
28117
5026
25610
31318
31252
26468
31883
32198
28723
19967
3859
3934
2837
3226
10945
9753
14557
8091
17906
23592
29443
618
30461
5341
23720
9336
9505
14791
6950
12161
17851
21279
7404
782
31164
32610
17033
2365
8027
3648
7686
18628
11271
17077
15481
22580
25248
118
11735
5755
14822
26766
16138
19629
1842
10569
6723
7428
16740
1361
16786
25381
28700
22039
6068
27044
6957
3444
27436
6347
20046
31377
14229
663
1299
22020
4406
28676
4892
22843
28375
21386
23693
25886
17875
17640
29373
31728
11375
27168
26931
4726
30314
29123
30414
31836
32725
622
14147
30676
6693
17301
8397
7296
20359
25471
543
12690
28787
16018
7326
12082
8068
3025
11981
28448
20359
12963
776
20634
26578
11734
22134
21376
727
8163
11321
28342
31480
31860
24807
9674
14749
27427
4670
8662
31876
18309
12051
20904
1369
25191
17292
21793
26503
26711
21903
14299
26701
4455
25978
16142
9492
32301
26389
20149
29696
26126
18117
10732
12997
31421
20226
4765
30652
9470
522
3163
22838
32432
15319
18062
16144
11786
12367
29137
29319
1573
6588
1176
24654
4282
11131
13078
16606
25902
7416
7774
6926
28875
24794
32456
21731
5201
23674
19862
18089
15021
13210
12759
1090
19720
31828
13452
20671
10243
28496
10
28717
30273
26682
11935
19377
5159
19059
27768
7128
24799
7687
28866
3368
8355
30944
4624
4859
21560
2105
31229
23693
10680
20053
15378
8275
27285
26736
21482
12686
2779
28918
20115
5153
15797
20979
9016
671
13107
7114
32509
6825
25418
13355
2091
9079
2589
28991
23693
8884
14714
29989
20250
13199
9128
23970
10451
21519
864
7188
28911
7334
17689
2472
54
5642
21897
3021
25515
8512
14696
23785
21101
9721
21111
19786
15071
31522
30145
4191
11015
15799
14112
27176
6196
2520
3588
20715
18916
18974
14192
22313
27620
4399
31045
29136
3001
12688
10947
28338
1343
1979
9805
12086
8848
10866
2156
31565
29479
30034
24599
168
7750
8619
13362
21033
13460
24975
596
31639
17675
12585
6861
32149
14609
21072
32232
17877
15333
9820
7789
30601
12605
23097
11626
6170
32558
6330
21299
29725
12107
14127
31144
20611
11025
4153
2998
15375
6019
221
20001
5390
5137
15320
13696
5954
24766
26418
23945
1567
12162
14358
1422
18234
9453
225
13896
254
19470
25977
29908
4512
403
10720
9979
29270
6705
20233
3254
23236
18503
29162
29425
14519
1214
8402
912
20502
32563
6909
22192
5910
22872
11878
10543
8876
12695
10204
23662
14152
16633
2392
9045
20928
4167
31374
152
15498
2159
10178
31289
1327
25128
733
9807
26108
14553
6848
29957
30715
17591
31960
23525
16674
46
21746
18007
29385
15491
16209
28516
27746
27063
254
2240
22116
5550
6752
21256
27016
26257
26636
2888
13880
5232
17886
20928
68
9772
26697
28136
728
30100
24555
5041
12459
16078
31589
3598
17528
16121
31593
29363
13746
9744
19733
17180
25972
24593
15999
7890
6071
31071
24977
27370
3271
8805
4375
4814
20216
5757
19478
17984
2196
27152
23391
22683
30233
1022
30053
9564
18593
17984
21580
7650
3234
10700
29250
25714
26839
20920
24594
6270
18814
22947
27126
14375
19396
25425
32429
15104
32126
10133
3278
18965
17689
3700
19036
14636
1492
4743
6810
9546
21548
29601
1569
23673
20120
31922
31023
29385
28279
24811
15426
10389
25927
29731
23270
1543
23063
17018
27851
20446
6975
19260
29978
14703
6222
25352
19465
30698
14404
305
18094
6879
24578
31844
4368
19969
15614
31371
28292
26665
10299
6130
21559
27550
13689
2472
4615
23443
17065
16169
32151
2801
7075
18233
21410
18519
1563
31763
17295
2911
18897
15043
22854
1828
2313
10705
14659
17921
32059
21279
25320
12955
27659
5396
27928
12833
26747
12026
28929
13266
13408
27813
5945
22976
22035
13654
31501
7892
13928
479
22550
7699
23268
32263
13837
24351
4138
22831
1759
19457
6327
2614
27396
13349
13263
2715
4109
166
4279
19681
23933
32205
549
29240
25562
24020
1525
857
16900
22767
29981
12466
29893
3725
28643
24003
17576
3034
23118
31688
17935
7049
31962
30616
8064
17106
7535
16077
2624
4022
9364
8229
16675
7306
8929
2856
20898
27827
19122
29451
814
1711
12835
22741
18628
28501
28984
16576
28866
27229
28763
5858
1785
9250
31500
18188
7427
10407
27348
3059
27862
19416
32378
14733
2458
26387
12666
1726
4792
4071
10163
6708
7476
11292
352
24208
18236
1779
11081
25030
10753
19374
32571
17350
7621
2387
18613
30812
1077
9134
484
24660
3322
21909
23761
32227
10379
10352
27866
18498
7493
1272
1119
25244
29373
16702
6845
14890
10069
20463
20096
20381
25613
29911
22484
12220
8860
8869
32573
24398
31168
26094
27784
15930
978
372
25090
9709
5021
8103
14311
18172
11120
15724
11293
2570
27250
12830
23074
30701
25654
30930
28484
27916
5775
7904
28432
7179
29094
31647
7180
9131
9801
5487
22697
15339
11910
22525
5235
15988
17529
32706
6539
3635
15202
24269
20055
8776
28410
24259
16248
14367
15624
25636
1532
28892
15663
30415
24021
24061
11018
21449
138
16698
13947
19514
6189
944
11839
5560
24205
10303
14534
28616
15532
15665
3906
17058
32372
4380
28415
6965
28325
12041
13554
10347
28434
26069
22420
7598
24845
24280
13041
7851
29216
1989
23291
6230
8446
21457
26661
11054
3768
6168
29229
2754
28724
1852
11577
30324
13276
4175
23846
12157
12179
9459
4893
4145
27373
10943
26983
10372
22943
7141
12674
974
6708
6930
18548
31691
3330
32406
1375
15590
22365
5829
30294
24503
9994
13213
24431
15306
18934
11689
12313
22434
28200
30244
25264
6653
7669
29282
31311
8282
19571
9836
4838
24249
1584
29419
14220
27810
6691
27207
29462
9064
20194
271
20200
29103
30742
7580
13323
2092
44
19185
25216
17324
14926
4838
29396
30808
4242
17286
5621
567
25201
9141
1860
16116
10106
23318
25835
21730
10823
4395
25201
27453
28593
1982
2444
14259
7744
13440
32054
1314
31205
7665
29442
6052
18412
32639
22193
4553
12076
30962
19456
16163
26753
19719
709
26632
21372
29531
4410
4755
17240
395
18585
21740
6192
12186
14313
7369
30832
31635
20759
4149
16010
12399
25672
27537
28394
21560
25966
216
18987
16751
12313
15399
20363
28588
15761
20860
17308
12164
289
30653
3901
23983
24245
21757
2761
20842
28584
32764
2446
2587
2519
15084
14721
24628
15610
19323
11055
15705
14900
5133
5623
8133
23016
21065
11383
27882
13263
9944
5444
22359
32071
19049
23518
23519
8686
5113
28131
6648
19056
13393
30850
2913
17821
19152
14899
24328
1983
14186
7333
31530
13354
19953
11000
27324
25876
20115
14381
14858
9639
18341
18907
1694
21077
17567
6947
18019
21356
28263
19429
2570
26090
210
4148
16045
26258
14696
29704
12978
21311
9063
1843
25075
30329
25867
1431
19739
28998
29197
20373
24659
5954
18281
18121
11551
20722
5221
25332
31618
30806
29903
4921
30313
25533
8326
16269
30535
4829
13372
32361
13564
12835
30585
21185
23035
26696
17379
1594
17836
8741
29118
29592
32015
20680
28079
21877
3747
19911
23493
27961
28038
22996
27577
5702
2013
27026
17013
6515
7286
13480
7380
21692
5036
15123
4009
2872
24459
13504
2306
29003
10037
8026
30382
18716
16772
24161
13820
9033
17137
8572
12486
6106
8885
1296
19374
2932
15150
8465
2472
21711
10627
31256
2233
22122
20619
2230
15358
24702
747
19209
1775
28464
6271
5260
7653
6410
29436
4147
20442
16812
13779
10424
7536
25791
13656
19247
16693
3371
24867
14305
3366
19594
11702
21847
16754
18140
16737
14773
16512
9852
26723
24138
17458
3155
5202
12644
30828
20555
27325
31337
7888
9734
9999
17443
8140
31185
21430
16732
11479
6611
7813
24491
22519
32650
19543
31885
17543
19833
4086
28855
21815
21786
18491
26027
31572
14618
26998
10634
2890
32709
5647
29993
14951
10688
10862
22630
10721
8438
16409
16573
8987
5076
27676
19990
26916
4281
15534
27105
17280
30120
14865
21605
9772
2113
28346
7253
6876
18927
15026
13477
20359
23650
30268
7323
28197
2624
10168
20009
8632
18455
20679
26234
27785
16791
5808
15563
13236
18174
18947
23420
9190
11987
4476
3943
21350
32727
15401
368
17746
30521
32463
3677
12844
16137
8331
20713
14741
26863
23221
4627
24919
285
28681
5052
1449
19842
16137
26993
7855
3392
21405
21382
32577
19553
15357
20580
28909
8133
9424
22563
20799
23903
150
30300
5183
9378
15939
13880
20540
19253
21292
5325
14024
494
7207
28075
7940
17918
23022
5553
1310
29289
19653
6182
8983
1466
13149
18949
1738
28660
12535
10135
18730
31947
24268
12359
19147
11796
3245
13491
6564
6779
29927
19199
25619
9332
26473
23918
7457
7540
12329
1843
13832
10592
15555
13188
4338
30278
17763
13041
4356
7243
31974
15092
27547
14820
3132
969
7893
8265
23825
30847
12628
9255
30636
11600
7998
26261
30743
4142
6280
10826
24192
1950
29813
2317
16095
29641
32345
7532
5081
17872
32675
29873
14564
8545
11034
23826
20397
15496
19815
25640
5303
29127
26324
6563
26436
14440
4691
27195
2168
30482
24002
9962
21948
25755
30573
3160
609
27421
21717
24215
5253
16716
14000
27920
10555
11782
11824
4797
17382
10796
1928
1689
11494
21681
15789
4181
9079
27888
23385
30029
26325
18243
27990
12730
23205
28625
27129
21033
19088
28583
12781
300
4401
26635
3633
7503
9777
30732
20324
27469
22448
8286
29249
14468
13031
6501
28006
423
24588
20368
3161
29107
30070
31208
31692
19748
1538
32489
27424
7528
28341
7056
26409
12436
10147
181
21041
16726
7183
23195
7487
23338
19923
30406
9881
20177
18435
31756
24967
19200
9421
26863
11098
27989
10915
19498
29101
24462
17565
27530
3563
21757
23064
19711
31249
31799
18852
22003
17077
14605
2845
29914
23112
15037
15639
2315
12696
17001
8575
31950
14744
11719
19840
17846
12900
6683
4260
16177
27520
13154
22332
4957
22880
976
3073
9757
9262
22397
15611
13933
5063
2140
1954
10738
32007
18028
4164
14037
5190
12338
2214
24530
18722
20326
2542
30348
3967
19949
17856
6180
14797
30471
21160
22537
18570
22730
6072
3346
21255
6607
7026
29898
28014
22315
14824
8459
12292
7840
1569
25550
17324
22805
23231
11585
6061
14660
24031
4122
9396
691
31809
24619
24861
15589
8105
7991
19054
9937
9348
11269
10276
32403
21199
26546
27571
29026
24117
17739
20936
18370
12663
30620
10449
8698
2321
12610
24767
22729
8475
11016
18442
22101
31341
25712
6646
31588
31494
21135
16918
25806
28079
28958
30990
9523
9435
27087
7836
18153
17618
17885
29914
10808
30990
24039
8381
5066
6373
31742
5090
32605
32617
25597
17290
2747
6797
13848
20707
3308
30089
24504
1673
11690
17023
3719
20300
4373
10078
22982
2612
27560
20999
5607
24514
4716
6062
1624
31865
23403
9091
24989
21661
25192
30866
23457
21819
1485
19176
10830
9833
12261
29688
14427
25295
16459
1597
31333
26726
10659
17440
6722
9856
6023
32283
27794
3337
12484
7199
25750
268
18887
22067
31302
31352
6994
24671
13981
12069
20852
3528
23096
28434
1719
12060
21023
5617
32667
12336
28387
13797
14915
14568
4585
24458
9839
21848
17669
11062
6570
26920
28746
26494
21445
29245
8737
4348
10115
24213
7577
30544
7062
31091
8958
13157
6090
13245
9901
21238
29313
19362
27174
23888
29279
6015
11107
5465
6214
30724
24169
7377
17797
13715
9500
23768
4684
19688
31063
22448
26724
28415
15676
18373
13852
14386
9673
12266
19847
25251
13228
16614
17380
30681
11865
14383
25950
17838
21849
7157
4342
6760
15333
30818
4285
3110
691
545
16966
20350
25616
16925
9051
24932
17967
11915
5871
2125
18369
21802
30292
28821
31429
31433
17070
26654
16802
21515
2728
32059
627
15207
22629
1228
9378
2162
15290
19370
3256
27745
17562
30533
2675
30665
465
22923
27930
11690
22517
15372
12813
18348
17562
26204
416
4008
25030
25529
28201
29290
15781
19438
10584
12214
23165
4983
9159
19336
27363
9958
19154
9376
7728
21894
22697
21566
4399
20285
27299
15147
14104
14775
20950
24568
20162
8384
20964
650
14356
17906
16919
2263
15805
5009
17585
10474
10020
14003
2173
29741
9890
9380
18602
10215
30704
3976
32473
26372
17115
3650
31605
16661
5695
31637
22595
10903
3890
20617
31034
19064
128
32273
3988
16599
11864
2538
21285
19212
29252
29382
26092
26856
23390
8106
5608
26429
7874
24213
28972
29601
27711
13922
24630
7536
31570
4079
14973
26640
25684
31359
2377
21113
6642
3933
27847
30708
5854
14531
22365
11810
5060
24569
4923
17473
22912
18113
17971
18347
910
4083
26570
29087
18113
15205
23951
8772
4152
6413
12715
3307
4239
30570
6074
31125
1874
4383
13273
16309
25271
32226
22528
24119
1932
10900
11155
21696
21870
7345
28979
8760
15164
1259
24282
3206
28619
25874
15399
5530
8923
19767
15094
16817
14922
29713
15924
4820
28552
11936
754
23970
24907
2831
24503
23376
28036
4831
3611
7406
26513
30786
12945
17388
32436
12997
5765
9180
26820
20274
18599
12665
9506
30389
6022
25321
27631
28989
6752
25919
7548
10021
15416
19268
17922
26132
32042
6519
2452
27938
24060
21330
3153
1084
10741
28111
10974
8905
4850
19243
5908
27021
21430
9194
11509
29646
19586
283
5093
17334
19941
11229
23
19961
1494
13858
10309
26808
17152
179
17316
8612
605
25205
9239
16230
31494
21738
16546
29247
7242
18938
17442
30699
12797
3828
29756
14028
8978
24784
1172
5188
32365
5559
10815
2659
18930
32709
890
16578
18402
27917
10140
11438
9831
26845
29513
31881
19821
8772
25833
21102
16052
7122
7512
4628
15395
2207
22751
17909
10336
31374
29796
24495
21917
17875
21213
22442
14005
15795
14091
28667
9847
11915
25956
7816
14657
14612
8785
25197
19666
29413
24729
2207
19033
28730
13341
9167
20177
6899
23751
15250
11665
31456
32189
30398
287
21307
21722
17687
15942
14710
1630
19499
32104
2360
20708
7034
28181
22946
15765
27610
10459
22486
8348
28186
21344
10938
32217
27878
19119
17401
9690
17898
18384
16971
7943
32315
12955
18679
12060
30194
5837
28822
6365
32538
28508
13593
25093
23500
15368
1293
13695
26520
5427
22046
13784
28711
12786
25306
21493
287
5220
30136
32257
10055
20547
25945
15018
28396
8120
9741
1165
8579
14964
5273
31214
1679
8956
24120
13485
11205
24132
10719
24181
30830
18816
26309
21815
4110
567
25635
29655
18499
5273
5688
21285
13807
25618
11409
5902
5529
543
23943
7188
4881
26465
2825
6395
13395
17136
9372
2245
27566
21489
27295
28897
5414
363
30420
22432
25366
9302
11804
32488
32282
14325
32642
14124
23595
25702
5243
24219
4876
6008
22124
24728
10726
8124
28013
18795
11823
32223
7245
16950
4047
24630
7638
2346
2182
31899
26450
14842
4744
15480
29774
31376
12907
28449
32669
24576
6211
30311
19872
8122
23564
8554
27589
24835
22856
10670
2382
17062
28136
1649
19796
26854
8304
2620
19979
10168
29015
32441
3399
7471
23468
12996
7743
20536
18688
11972
22673
10119
31871
828
15495
19665
14688
26013
27801
20540
10368
3935
24627
8212
16713
4943
13240
10431
14809
7467
14790
12531
16992
20332
12732
17958
4042
13155
18297
19782
31135
28551
16487
2987
12071
14350
31161
15434
18385
11706
7152
1323
13013
7926
10148
24861
18969
24353
16257
20904
3154
10282
21392
27971
17003
14941
4535
7623
5162
11900
16260
8996
20497
11794
24870
11858
27266
1540
20924
10379
30759
18281
12499
31416
10129
27291
18729
26921
32287
10382
21687
22408
23586
32353
16879
2320
3134
3891
24131
12538
25108
22584
2534
26424
11293
27404
22742
21862
31961
8775
17690
12286
3882
1105
22088
20427
18938
18552
25163
32672
10020
12863
19299
21065
402
14073
24429
5314
3747
8599
15461
12455
1743
10431
24105
4844
16781
11038
14720
27342
18548
1534
2138
21769
9633
14875
11098
18252
29018
21170
17553
20458
25328
17116
28557
32210
26858
11546
14994
1217
3167
18737
17703
29110
9124
23608
10196
935
6184
30447
2347
31858
17307
28242
1029
32278
10326
17006
17166
18467
2295
26484
30084
26991
9035
9484
315
14859
4722
32747
5605
12661
7229
25000
1424
27919
28123
29387
1648
31440
2997
23336
16863
15418
30870
23659
21666
30092
22543
31475
9326
23864
4122
10468
11946
16279
11773
10103
13431
2780
4721
4757
26606
22343
10500
19109
32424
16283
11964
12450
19844
7633
19453
26736
20900
14
1452
5488
19129
27091
18837
17746
19073
13683
6666
32042
23950
10699
7373
7366
12616
6189
4401
3135
23349
5789
29051
26575
9592
10816
17294
7650
1176
30225
23752
13168
6787
16854
7463
8841
27347
27987
26032
1842
9295
9149
19985
3695
9141
25457
23941
23457
5047
11750
19192
22546
20035
29664
2156
8399
25351
4583
7579
1718
26421
28920
5597
21711
29315
8058
1357
20704
28023
30323
26919
10811
5345
7932
26485
19163
22185
3059
12779
16047
27594
15343
4111
9526
21407
22393
21661
24908
5214
32633
16937
31556
25826
24558
8966
26934
9133
23266
6247
12698
16173
24478
25796
7190
29502
16922
13695
25749
32753
9911
12232
9369
15755
22064
17598
26322
12753
3534
4310
6383
2691
8156
19073
20404
8487
30811
1033
4429
27655
23031
17596
6626
125
26425
15693
20075
2670
19453
7031
20934
23829
6951
16611
28678
258
13458
24908
21519
25442
18249
19425
15200
2688
17402
25579
7215
29580
21415
3247
29115
32156
9887
3222
8926
1520
12205
11147
14049
6522
8079
4261
19605
24477
13481
8966
1951
8758
13051
29187
26644
5849
6225
26757
16454
19805
24761
20398
15581
26522
28474
25792
13097
32369
28355
1595
10678
22541
16226
15430
20257
21353
17334
8272
21291
11538
8871
26615
22028
303
20820
5929
25098
11966
31053
7561
9033
32
3843
25364
20965
15576
11389
2052
574
2192
1100
23540
20371
13148
192
20550
5331
24387
25436
27074
10159
7932
30856
30079
18932
29173
13190
1287
17688
16794
18087
30134
25618
17363
3007
1891
16239
26318
20694
17987
4003
10752
23840
19465
31133
2150
16944
7250
2462
22545
19816
8257
20554
17121
11700
1382
22016
15505
8568
997
22631
6643
16582
20436
1609
11645
14293
14820
11685
3333
1454
17220
4095
25801
4905
10434
20731
31666
13848
10548
13098
19674
29890
2838
5924
23115
7571
9588
28887
7434
1809
28683
10014
13908
3090
24235
4502
17959
6188
3039
2221
2820
22638
30416
15355
12020
25677
22631
17110
26057
29409
21426
6944
16550
28754
1417
2660
23233
1933
14193
5409
17256
29755
14784
102
18754
12531
10498
4511
2776
21934
8860
175
28755
14972
11439
20543
29319
12918
21823
85
21297
29428
19605
20264
10877
31488
32481
31795
28108
3850
28964
16776
21427
7389
25933
30567
14663
7121
2466
5647
27800
15682
14178
2516
123
322
1193
3442
3469
907
11667
32417
1140
5303
6308
24809
30056
29620
31336
696
28915
15218
23638
30898
26100
22750
2810
25416
8426
7444
12116
12940
20591
16336
6011
23619
13059
26150
29317
14396
21003
372
939
30433
28185
6804
4265
26124
110
23894
3940
30748
30142
30765
22223
16711
1587
9256
22287
24370
20148
26916
7390
32446
3942
29249
9261
29733
13171
1682
15885
6471
1547
31257
3535
26174
14505
10994
24938
30776
7832
24270
26910
31366
16821
5283
4695
9712
13430
7842
2516
19020
17707
6250
10504
5711
30340
3451
21185
4514
24916
25581
775
32056
25492
24418
5703
3552
16555
20537
2993
13590
5869
17156
18142
27679
20065
17468
5302
13653
25799
3124
30609
18367
15065
10060
32412
6372
18130
28263
11391
14561
20525
25503
12604
13498
6319
18231
31578
29422
5799
30928
25668
15950
9333
30944
31724
29454
18761
7777
14259
541
32557
21702
2189
16050
6726
30259
7264
10792
13654
5613
20142
12811
18310
20240
3188
5235
18275
27520
12114
24208
32550
30497
5099
14727
30264
4939
28559
31100
5109
7800
10520
8944
24497
1088
14609
23118
504
18824
21790
29120
27418
10486
27287
2375
17127
21416
11383
29963
1464
10789
14453
24048
29359
403
6000
20585
12095
18731
7440
11665
17390
9195
27307
12920
22105
19082
6501
2490
17529
18865
20380
6999
1318
28776
17795
3774
29145
719
32012
13099
23990
1294
12556
16947
7626
12942
16282
12446
26257
30058
5047
372
8891
29216
21045
20314
10031
31629
19921
31
26705
792
1699
22163
5248
22829
14520
22168
14307
20973
15869
12155
19814
8739
18270
8324
24831
2170
12592
3019
10038
5870
30412
11086
11748
12417
2429
7233
2619
3887
3741
13477
10246
26147
18682
22300
7730
29739
12671
14588
11406
6762
784
20130
18127
19277
15797
21001
20695
26048
25851
6043
28727
20641
32151
9542
5874
27252
3661
16339
11140
8537
10256
25203
29218
18236
14699
21659
6980
30284
12575
21010
7009
6574
13326
31049
12281
28274
27223
29674
13785
4294
10179
3507
13467
26985
29536
11653
17260
3939
12907
25784
11026
29172
31347
2226
26925
24266
20156
2744
30908
14454
19682
515
996
28961
3262
7191
25325
7547
14221
26448
3214
13301
6735
11198
23402
19504
14190
17971
19674
29365
7072
14745
7405
25830
31246
27273
25517
18741
21430
14618
6052
14227
11790
27895
6559
9771
7402
10165
11698
3665
9119
20835
1404
23989
12649
13154
16300
2013
15626
13687
196
19410
17332
28958
2334
537
12073
3873
27692
1764
26401
9066
19715
5258
4588
31509
17435
8757
18520
4298
21072
6874
16597
6986
1325
111
13783
27207
12394
20312
2940
1401
24755
13858
30831
16878
27564
30067
13836
16802
16689
31809
31685
4431
25058
5187
18884
22662
7903
12965
18129
20479
1744
16640
13687
29230
9257
29321
17506
6678
28844
31113
15884
1122
8751
12557
23449
26290
13471
3806
16127
4403
21829
29107
22633
20082
4936
8102
15070
30066
31091
2277
9245
25084
30009
8874
15308
18230
12022
28269
19922
4215
14200
344
1026
17498
11966
8187
25337
7697
18431
16961
3657
20732
20207
5026
6103
10874
4669
17307
24193
1536
22368
14939
16388
18280
15251
1472
8733
20363
9758
4737
5871
7953
12248
1453
8357
7048
9194
19028
22616
10932
32213
10115
31795
6182
2231
29302
10453
30992
970
12554
16886
600
28717
16497
20046
1259
27623
21545
19122
1108
15913
24879
14465
7053
30931
18800
27454
9237
21306
23424
22910
21314
8744
31374
29957
16857
4389
664
20012
4572
245
15579
1670
9891
12130
30862
22210
9006
3132
7119
11219
8890
24477
16606
8015
24466
9585
13193
20245
15400
16950
25319
22579
25188
29953
6985
30983
27964
10946
7278
7844
20613
5832
24566
24950
29449
13448
9241
13610
11993
5786
3737
20424
11237
9988
31733
3106
18633
15547
20192
19314
1514
10855
21489
6719
9922
10855
3484
7296
32120
19477
31841
1284
5300
17995
14147
7185
11185
21286
26748
6476
14484
30985
623
21720
25852
25829
16606
5058
14554
14776
19037
29597
26499
31060
1543
14697
29443
27234
31087
1978
6580
8102
17114
16406
16912
1157
939
5022
22724
4804
20254
1776
21765
5522
28985
27981
22311
7625
8704
7927
5484
2929
30953
28381
2842
20614
13455
9082
7632
20730
10922
30459
11545
1022
29759
25248
16450
14974
10772
14692
18025
12010
17767
21984
7383
16956
30943
24429
20368
2615
5571
27273
18471
5356
20842
30844
24279
1411
32499
6715
464
28216
4406
14988
26319
2980
30969
21355
31473
17726
13160
4780
1225
5921
7359
12771
11440
18704
23370
1409
24412
5815
30351
1855
16053
11571
28362
24512
5347
8661
26777
13169
32172
17955
16633
14005
14845
32032
7537
19775
25030
30158
19597
14526
26635
28400
2702
6848
9529
26644
32352
19920
23478
25553
716
23010
27323
8014
4079
2034
9062
25347
22763
22759
29707
20676
29148
25533
24012
21243
4622
24291
26729
4405
18029
22754
2137
3552
10300
25664
11033
20818
27658
15012
24004
17934
23778
6970
16868
10819
6083
26713
17543
14998
6991
18532
19350
31265
32711
19950
19811
15292
27447
27425
1665
20603
5614
13408
16856
32632
29489
13867
26360
10962
21041
25155
17070
17909
2874
22543
15829
284
3372
3135
30319
19989
24367
5039
28405
8772
27299
5518
18411
6635
8534
10431
14262
24745
21498
8319
13490
832
19670
3145
1408
3739
699
28406
11165
8207
30778
28969
23609
19169
6932
4842
31558
30472
14322
8337
19663
7477
22102
28390
20619
1041
4306
8838
31666
25285
15736
1673
17679
3264
31377
13921
14167
2740
29586
7941
32185
17634
29259
6992
7862
8856
4194
12195
22835
17144
7424
10450
22476
13050
2762
8766
11884
17589
31251
14142
22042
27610
13135
25540
6934
17281
9675
22589
12581
8488
16028
17592
25129
22776
11222
24395
2804
5963
24574
10674
23134
29548
27073
14906
1685
8093
29669
3038
27829
23135
385
6575
20121
1261
14953
18809
8944
778
23533
27043
11155
18428
8643
18007
17942
13529
15169
6627
10908
11265
8399
23647
3312
32236
23965
13968
21458
4902
8593
7181
23183
30615
12164
20640
28885
11016
31661
23791
3268
23267
3677
13916
25416
26938
32493
7721
23207
25867
6901
31712
2902
22467
3519
14066
17169
3072
7164
21406
15914
12699
18357
22292
2850
742
28804
14043
19574
20274
17411
22384
19643
3733
4741
24112
6381
25322
23556
23159
5381
10776
10587
2570
16073
1432
1461
15538
4840
31537
11334
6954
18502
4870
15929
21819
21909
5843
5353
31526
29989
22132
1107
1602
6909
5543
8652
21734
4394
1810
25327
7561
11863
30856
10458
7464
23198
5256
2970
1257
22174
23814
31203
27389
30926
17262
260
17098
21776
487
20763
8266
650
6613
20869
19118
29617
7073
22937
25160
5286
7100
24982
7591
9158
30945
16345
25092
30845
22427
18004
15069
11354
30472
21563
29919
23145
17116
12288
24585
26813
18088
15746
32015
4172
26205
25730
6652
5888
12
15190
8732
28682
23279
18913
9497
13946
1965
30914
22884
13836
5594
204
7638
30277
17085
28342
16024
31679
1367
3860
320
13250
7072
22150
15420
15891
32020
6704
32116
2321
22126
11370
1067
29693
29364
12728
4646
27546
13683
16892
22545
13558
2636
10730
286
23175
28079
24765
8687
28537
29415
1576
3766
7495
27479
31888
23707
12169
4867
29560
4702
4621
26194
30269
19517
29992
1298
21251
22296
3150
18108
28143
1747
6881
25593
21655
19452
17223
22886
9654
19629
19519
26516
8485
1204
20597
21588
29702
12530
3156
20785
5442
2561
15899
11069
17975
4634
19507
10257
2986
31285
9664
13327
13059
25201
4470
17898
14265
31159
24237
7017
7435
16538
11448
13159
4081
29570
15475
10527
25938
24586
28
21670
18551
10662
23908
21689
11712
16777
21957
26041
23957
5574
2325
10740
11168
15285
18012
18214
11833
6552
7907
32064
2594
21374
12173
6759
9845
32616
5226
28736
23770
25771
14986
11883
31229
19093
1039
17997
8768
6739
29318
15379
28333
22546
19320
2291
22062
14181
27451
29365
14080
20199
14862
31859
5221
12065
30566
21661
23705
24750
20354
25663
19208
3484
28485
25479
15038
23062
2629
6018
32031
12352
1824
7462
2264
867
17935
26005
5397
20042
13757
18336
29941
20716
10841
19082
18234
20811
10985
3599
20038
25499
10466
29605
1091
32167
22006
27906
16289
22897
3118
5086
31685
27416
31800
28410
6655
28159
5634
2145
11965
19756
24456
14574
12031
27374
11754
19726
4619
3011
29889
26311
15202
26744
8115
16634
16626
11154
10821
14309
24973
24045
27121
15083
16282
1699
15993
2968
13323
559
7290
28128
19855
21715
9796
11687
20488
31799
18153
7559
18495
1106
916
29389
2006
25485
30492
8900
7551
25126
11225
9527
7532
4307
18359
16433
19975
4777
16008
16647
3298
15931
32415
18072
32753
23046
19354
212
26359
30733
15231
2427
8510
13504
2571
14887
15243
23842
13894
9101
6737
16427
7771
2560
5157
12139
3495
2871
4210
29425
28944
20815
32366
13419
9624
30483
14412
9615
5425
380
9908
26041
5588
4724
14448
27349
16077
14559
616
29055
10329
476
7120
14441
18802
12104
2720
2813
26602
14213
21572
24388
20151
29305
1685
2823
16014
6105
19721
21556
19635
29351
26150
24706
9231
28153
3389
18520
23683
24317
11348
20716
23676
12346
27236
4520
30919
21016
27077
2257
18087
5283
19174
25450
21541
20108
18241
31830
15016
30064
30862
22206
16325
2909
8247
6066
30808
1427
781
17171
8660
4231
11577
16304
9687
21806
12917
26287
31746
9079
15996
8751
24071
9754
2494
24363
515
912
1625
22177
20239
4194
22853
29172
16401
30375
29646
20112
26841
30408
24904
9420
20841
9607
7422
5652
7059
19264
1131
9799
9930
18542
14765
25694
9778
9072
2614
1615
23801
9102
11717
31792
29930
7479
29076
16032
9023
21388
9171
23651
4023
4899
21334
2892
12777
27140
14219
16480
6360
8440
21678
4920
20679
23044
12352
28839
23375
30768
10677
24733
28078
13452
19309
25419
26978
1141
10213
10632
17143
13589
5935
11380
19229
24617
26783
26715
3581
7687
23752
16092
15565
6367
31654
17482
21922
25921
6941
31826
32134
17375
10658
18910
16587
12437
4409
5690
11679
25254
18079
29557
31968
8777
22728
15883
15665
5988
5260
448
13389
30103
4253
9679
27291
10620
13756
9284
5379
27437
5932
20647
20737
23047
12135
29146
26359
1454
21777
13124
1736
2129
31786
12592
12962
5680
6023
9327
19483
9819
11907
28997
30592
6332
31474
7555
18793
32087
9046
29168
29329
24785
25942
19181
24037
16943
17515
23641
29915
5601
4317
27827
32261
31231
23278
19326
18918
32722
9812
1770
8708
11926
29165
9392
11838
9086
26543
25150
17504
29433
18654
16404
22005
12084
27265
23662
28765
14304
22038
24867
799
14133
25221
2253
24704
28727
22867
32554
11348
16952
31768
8386
11540
1438
32307
24010
13105
9702
18108
17481
2728
7401
3770
30073
10967
13150
12182
2672
6286
10913
13776
11263
11882
13235
3057
25051
16222
22401
20929
23802
18323
13417
13241
16704
8050
13562
22203
12891
25855
9211
11265
10220
3944
16815
16724
19687
24797
15960
24958
28220
10915
15866
6401
15543
5988
18785
29449
26148
28618
20581
672
18872
3404
8557
3105
19372
28487
31282
25327
3115
9808
5574
20326
1390
2505
23508
4370
21798
27570
5417
20767
13594
16066
18803
6417
26385
25270
10825
8630
6130
2794
12140
3672
32298
29478
18509
26678
14158
22202
18127
28214
10497
24013
26445
3284
26905
29938
6623
4702
28925
17148
28889
29539
8273
12564
22677
13161
21206
14600
31859
17886
3467
28134
32029
31569
1817
29386
23568
20194
3949
21492
16472
10231
6823
30237
30874
25649
29491
4107
24152
15775
22325
25188
32369
24881
1323
8640
10983
18799
31694
18177
23013
12650
28984
14823
30209
13299
17740
2527
958
27404
29523
10524
16469
9116
18147
24041
7605
31079
22533
24126
16328
28476
4758
18833
24312
22384
19694
29934
13298
8332
12736
15690
20649
23107
321
21525
2718
1703
28045
14862
23136
2972
5702
23643
21582
22668
26494
2009
7844
5212
24535
9905
2230
26527
488
31788
10102
14090
29923
21192
6972
25128
6261
20619
25287
23119
4078
26007
24447
9683
2210
2303
28412
9081
16271
14297
15820
8751
2624
27284
14193
8442
26353
29836
14250
19247
22515
476
24820
1254
3666
10099
15439
7084
10166
14699
1605
28536
903
23446
19753
10209
29524
89
17565
18829
19062
18877
29270
16365
4336
195
6180
12071
23962
5880
32556
8788
7039
26186
2168
27116
16003
8986
9907
15998
11081
13458
9517
31653
22099
26425
24614
1847
24171
11716
21064
14527
9794
25648
7029
21806
12632
18701
25795
29389
18459
8477
17861
22902
10067
14621
3853
13060
16061
14819
7662
8200
17142
681
7559
1214
5787
32169
22780
8767
20143
8938
775
20471
22077
7513
5808
26970
30014
17947
13656
17363
16060
27170
9724
16637
10808
3582
22968
20758
23626
9206
6538
31153
25223
26712
16729
13482
26279
22541
11318
15199
7400
30064
13793
4637
29101
20321
30095
26585
14955
32404
5610
7713
28101
3375
28250
3410
9974
31893
16771
22794
30832
23932
17679
26848
20930
11846
22189
22867
31935
29582
601
30977
30173
16129
15839
9754
9179
6255
32154
8211
12967
32033
1666
8607
5502
26990
8550
22235
29781
8329
4981
968
2168
9885
3
28415
11377
8476
